1109,937,1108,756,1161,757,1161,738,1418,736,1418,936,1108,937
1105,914,776,914,777,715,807,715,806,707,925,707,925,756,1105,755
761,1028,882,1027,882,1110,760,1089
886,1028,1034,1028,1034,1133,886,1108
1038,1028,1170,1028,1170,1075,1175,1076,1176,1140,1038,1117
1180,1056,1336,1056,1337,1180,1180,1154
1341,1056,1479,1057,1479,1207,1351,1207,1351,1180,1342,1181
1479,1216,1343,1216,1346,1276,1352,1276,1352,1295,1347,1294,1348,1302,1480,1302,1479,1302
1480,1307,1348,1307,1352,1394,1495,1394,1495,1340,1479,1340
1494,1399,1358,1399,1358,1415,1354,1415,1356,1466,1494,1466
1494,1472,1356,1471,1368,1575,1495,1575
1494,1581,1373,1580,1374,1601,1370,1600,1384,1741,929,1669,970,1935,1408,2007,1390,1852,1559,1828,1559,1681,1560,1680,1560,1679,1493,1680,1495,1680
1630,1617,1882,1616,1882,1755,1563,1755,1564,1680,1629,1679
1629,1472,1637,1472,1638,1451,1725,1450,1725,1460,1728,1459,1729,1474,1875,1473,1875,1503,1880,1503,1883,1612,1630,1612
1887,1584,2174,1583,2173,1642,2239,1642,2238,1695,2234,1695,2234,1714,1940,1754,1886,1754,1886,1685
2173,1390,2055,1390,2056,1474,1980,1474,1981,1480,1951,1481,1950,1475,1887,1474,1887,1578,2174,1578
2174,1349,2106,1349,2105,1344,2076,1342,2076,1349,2056,1349,2056,1136,2173,1136
2051,1349,1969,1349,1970,1331,1948,1329,1948,1348,1918,1350,1918,1215,1926,1215,1925,1164,1916,1164,1916,1135,2051,1136
2100,437,2010,437,2011,567,2100,568
2104,437,2203,437,2204,569,2104,568
2208,437,2346,437,2346,613,2208,612,2207,611
2315,618,2236,617,2236,710,2316,710
2196,757,2113,757,2114,762,2107,762,2107,1005,2196,1005
2103,757,1996,757,1995,1004,2103,1004
1990,756,1890,757,1891,761,1883,761,1882,1005,1991,1004
1749,858,1875,857,1875,864,1878,864,1878,1004,1749,1004
1661,858,1744,858,1746,1005,1741,1005,1741,965,1660,966
1878,853,1650,853,1651,857,1656,858,1656,897,1626,896,1626,754,1642,753,1643,756,1878,757
800,1383,1241,1452,1232,1487,1353,1508,1375,1728,839,1642